Frame # 0
0 -220.271164 27
1 -231.598160 27
2 -227.777710 27
3 -228.291977 27
4 -225.113403 27
5 -223.952957 27
6 -223.549927 27
7 -223.447723 27
8 -223.585922 27
9 -222.897537 27
10 -222.479507 27
11 -220.932587 27
12 -220.075500 27
13 -218.422546 27
14 -216.671463 27
15 -215.240692 27
Frame # 1
0 -223.188034 27
1 -229.560944 27
2 -230.877319 27
3 -229.962189 27
4 -229.016083 27
5 -227.134598 27
6 -225.834305 27
7 -225.472626 27
8 -224.750473 27
9 -223.388062 27
10 -223.317657 27
11 -222.914459 27
12 -221.928970 27
13 -220.736343 27
14 -219.526276 27
15 -217.652863 27
Frame # 2
0 -218.107025 27
1 -228.449707 27
2 -224.058167 27
3 -223.369751 27
4 -221.476364 27
5 -221.654556 27
6 -221.090973 27
7 -220.366302 27
8 -220.478806 27
9 -219.856232 27
10 -219.685730 27
11 -219.482208 27
12 -219.392670 27
13 -219.255997 27
14 -218.836731 27
15 -218.395065 27
Frame # 3
0 -215.001480 27
1 -224.375183 27
2 -225.918442 27
3 -227.588715 27
4 -226.709473 27
5 -225.543777 27
6 -225.922119 27
7 -222.567307 27
8 -223.391785 27
9 -222.308884 27
10 -218.009445 27
11 -216.650177 27
12 -215.978363 27
13 -215.738541 27
14 -214.406845 27
15 -213.292877 27
Frame # 4
0 -218.860245 27
1 -226.505035 27
2 -225.652252 27
3 -225.039963 27
4 -224.581238 27
5 -224.306458 27
6 -223.374786 27
7 -222.303162 27
8 -222.420486 27
9 -222.308884 27
10 -221.548248 27
11 -220.237411 27
12 -218.709259 27
13 -216.293854 27
14 -214.997940 27
15 -213.106827 27
Frame # 5
0 -216.789230 27
1 -224.838211 27
2 -222.464066 27
3 -222.578094 27
4 -221.742447 27
5 -220.594543 27
6 -220.036926 27
7 -219.661972 27
8 -219.702087 27
9 -218.581329 27
10 -217.450668 27
11 -217.310974 27
12 -216.563675 27
13 -216.109222 27
14 -214.899048 27
15 -213.014053 27
Frame # 6
0 -220.929321 27
1 -225.949448 27
2 -228.397614 27
3 -226.885483 27
4 -227.951721 27
5 -228.195160 27
6 -226.888367 27
7 -223.975967 27
8 -222.323853 27
9 -220.444870 27
10 -218.381927 27
11 -217.723831 27
12 -216.953873 27
13 -215.460876 27
14 -214.603729 27
15 -212.457886 27
Frame # 7
0 -224.223053 27
1 -229.283127 27
2 -230.257385 27
3 -228.732025 27
4 -227.862549 27
5 -228.283005 27
6 -227.766769 27
7 -227.673676 27
8 -226.400940 27
9 -224.957748 27
10 -222.293274 27
11 -221.087021 27
12 -219.490219 27
13 -218.422974 27
14 -217.458557 27
15 -215.611786 27
Frame # 8
0 -218.577469 27
1 -228.357101 27
2 -226.095062 27
3 -226.358047 27
4 -224.936020 27
5 -225.101868 27
6 -224.604019 27
7 -223.711823 27
8 -224.750473 27
9 -225.055862 27
10 -224.807678 27
11 -223.352646 27
12 -222.611298 27
13 -220.643799 27
14 -219.526276 27
15 -217.652863 27
Frame # 9
0 -224.128952 27
1 -229.190506 27
2 -230.877319 27
3 -228.819412 27
4 -227.419525 27
5 -225.454865 27
6 -225.482925 27
7 -225.296585 27
8 -225.235916 27
9 -224.565338 27
10 -223.597031 27
11 -222.786240 27
12 -221.928436 27
13 -220.551239 27
14 -220.116959 27
15 -218.302277 27
Frame # 10
0 -216.601059 27
1 -229.005325 27
2 -225.652252 27
3 -226.358551 27
4 -223.250290 27
5 -222.185364 27
6 -222.408569 27
7 -221.951019 27
8 -220.770020 27
9 -219.856720 27
10 -219.033844 27
11 -218.821396 27
12 -219.002457 27
13 -218.885773 27
14 -218.541412 27
15 -217.188965 27
Frame # 11
0 -222.247116 27
1 -228.357620 27
2 -230.080261 27
3 -226.885483 27
4 -226.089066 27
5 -225.455399 27
6 -224.516708 27
7 -223.359680 27
8 -222.905884 27
9 -221.818359 27
10 -219.499466 27
11 -218.290085 27
12 -217.929382 27
13 -218.144882 27
14 -217.360565 27
15 -215.797333 27
Frame # 12
0 -214.531509 27
1 -226.412445 27
2 -226.714966 27
3 -225.919037 27
4 -224.492050 27
5 -224.218094 27
6 -223.638321 27
7 -222.039063 27
8 -221.061295 27
9 -219.954834 27
10 -218.009445 27
11 -217.782990 27
12 -217.051422 27
13 -216.201736 27
14 -215.489700 27
15 -214.127365 27
Frame # 13
0 -224.881699 27
1 -229.097916 27
2 -232.737091 27
3 -232.687286 27
4 -231.322205 27
5 -229.343536 27
6 -227.503235 27
7 -226.265503 27
8 -225.430099 27
9 -224.663422 27
10 -223.876419 27
11 -223.069443 27
12 -222.709396 27
13 -222.402756 27
14 -221.396683 27
15 -218.766174 27
Frame # 14
0 -219.517929 27
1 -231.135162 27
2 -227.157776 27
3 -226.094330 27
4 -225.379501 27
5 -224.925125 27
6 -224.252640 27
7 -223.887924 27
8 -224.265533 27
9 -223.584274 27
10 -222.758881 27
11 -222.503036 27
12 -222.124084 27
13 -220.921463 27
14 -219.427856 27
15 -218.673401 27
Frame # 15
0 -219.047943 27
1 -227.338470 27
2 -227.246338 27
3 -226.182739 27
4 -225.822998 27
5 -226.338654 27
6 -225.307251 27
7 -223.623779 27
8 -223.100052 27
9 -223.289948 27
10 -222.293274 27
11 -222.219833 27
12 -221.928970 27
13 -221.939972 27
14 -220.608688 27
15 -218.858948 27
Frame # 16
0 -217.353790 27
1 -228.450211 27
2 -226.803528 27
3 -226.445938 27
4 -226.089066 27
5 -226.339188 27
6 -225.482391 27
7 -225.296585 27
8 -224.653839 27
9 -223.976685 27
10 -221.734497 27
11 -220.932587 27
12 -220.660812 27
13 -220.366150 27
14 -219.919586 27
15 -218.395599 27
Frame # 17
0 -218.577469 27
1 -227.894089 27
2 -228.043396 27
3 -227.237625 27
4 -225.468216 27
5 -225.012970 27
6 -224.516708 27
7 -222.831451 27
8 -222.323395 27
9 -220.641083 27
10 -219.406326 27
11 -218.443787 27
12 -218.026398 27
13 -216.757050 27
14 -215.883484 27
15 -214.962341 27
Frame # 18
0 -214.625122 27
1 -225.856827 27
2 -225.032318 27
3 -223.896683 27
4 -222.186417 27
5 -221.301575 27
6 -221.090469 27
7 -221.334732 27
8 -221.450058 27
9 -220.935410 27
10 -219.685196 27
11 -219.233826 27
12 -218.612244 27
13 -218.052338 27
14 -217.852768 27
15 -216.446777 27
Frame # 19
0 -217.918839 27
1 -223.726974 27
2 -226.626404 27
3 -226.270660 27
4 -224.492050 27
5 -223.687805 27
6 -222.145035 27
7 -221.158630 27
8 -221.158371 27
9 -220.837296 27
10 -219.965103 27
11 -219.104599 27
12 -216.856323 27
13 -215.924088 27
14 -214.603729 27
15 -213.570694 27
Frame # 20
0 -217.353790 27
1 -228.542831 27
2 -226.980652 27
3 -226.621750 27
4 -224.049042 27
5 -222.980774 27
6 -221.705338 27
7 -219.661972 27
8 -220.284622 27
9 -220.248672 27
10 -220.151352 27
11 -219.233826 27
12 -218.514160 27
13 -216.849152 27
14 -214.997940 27
15 -213.199600 27
Frame # 21
0 -217.636063 27
1 -226.875473 27
2 -225.475128 27
3 -225.303680 27
4 -223.605072 27
5 -222.980270 27
6 -222.408569 27
7 -221.598877 27
8 -220.770020 27
9 -220.641083 27
10 -219.220093 27
11 -218.538208 27
12 -217.929382 27
13 -216.757050 27
14 -215.194382 27
15 -213.477921 27
Frame # 22
0 -219.141571 27
1 -225.764740 27
2 -225.740814 27
3 -225.039459 27
4 -224.137726 27
5 -223.069153 27
6 -222.144531 27
7 -221.422775 27
8 -221.352966 27
9 -220.248672 27
10 -219.965103 27
11 -220.271957 27
12 -220.075500 27
13 -220.366150 27
14 -219.525833 27
15 -217.652863 27
Frame # 23
0 -223.564392 27
1 -229.468323 27
2 -230.257385 27
3 -229.786911 27
4 -227.862549 27
5 -226.780563 27
6 -225.307251 27
7 -224.856354 27
8 -224.362167 27
9 -223.486160 27
10 -222.479507 27
11 -222.314224 27
12 -222.026535 27
13 -221.662323 27
14 -220.411819 27
15 -218.766174 27
Frame # 24
0 -223.563904 27
1 -229.005829 27
2 -230.345947 27
3 -227.412933 27
4 -225.645599 27
5 -224.041336 27
6 -223.286423 27
7 -222.919449 27
8 -222.905884 27
9 -221.818359 27
10 -221.268875 27
11 -220.838211 27
12 -219.490219 27
13 -217.867233 27
14 -216.080811 27
15 -214.312912 27
Frame # 25
0 -224.975296 27
1 -233.820633 27
2 -232.117157 27
3 -231.105499 27
4 -228.838211 27
5 -226.781082 27
6 -226.185654 27
7 -224.680298 27
8 -224.265076 27
9 -223.878601 27
10 -223.783279 27
11 -221.936630 27
12 -220.953461 27
13 -220.181473 27
14 -218.836731 27
15 -217.188965 27
Frame # 26
0 -220.742096 27
1 -229.005325 27
2 -227.423462 27
3 -226.886002 27
4 -225.733795 27
5 -225.012970 27
6 -223.989655 27
7 -221.334732 27
8 -220.964203 27
9 -220.052429 27
10 -219.313217 27
11 -219.104599 27
12 -218.806808 27
13 -217.960236 27
14 -216.966324 27
15 -215.333466 27
Frame # 27
0 -225.634445 27
1 -231.320358 27
2 -233.357025 27
3 -231.632401 27
4 -230.257843 27
5 -228.017853 27
6 -227.766769 27
7 -226.793259 27
8 -227.371780 27
9 -226.919876 27
10 -224.807678 27
11 -222.975021 27
12 -221.830887 27
13 -220.459122 27
14 -219.427383 27
15 -217.560089 27
Frame # 28
0 -215.942886 27
1 -229.097916 27
2 -225.032318 27
3 -224.864151 27
4 -224.581238 27
5 -223.598907 27
6 -222.320724 27
7 -221.686874 27
8 -222.032135 27
9 -221.425934 27
10 -220.616989 27
11 -220.237411 27
12 -219.977432 27
13 -219.533646 27
14 -218.836731 27
15 -217.560089 27
Frame # 29
0 -216.131088 27
1 -225.949448 27
2 -224.943756 27
3 -223.281342 27
4 -222.363800 27
5 -222.008087 27
6 -221.090973 27
7 -220.542343 27
8 -220.964203 27
9 -220.248672 27
10 -219.965103 27
11 -219.859802 27
12 -220.075500 27
13 -219.996384 27
14 -220.116486 27
15 -218.673401 27
Frame # 30
0 -220.082977 27
1 -225.949448 27
2 -229.548920 27
3 -228.819931 27
4 -227.951233 27
5 -226.692688 27
6 -225.219437 27
7 -223.975967 27
8 -223.391327 27
9 -222.112671 27
10 -218.195694 27
11 -216.555786 27
12 -215.393051 27
13 -214.906021 27
14 -214.997498 27
15 -214.034592 27
Frame # 31
0 -219.141571 27
1 -231.969116 27
2 -226.626404 27
3 -226.006424 27
4 -224.581238 27
5 -224.925125 27
6 -224.428329 27
7 -223.623779 27
8 -223.780090 27
9 -222.210770 27
10 -220.244476 27
11 -218.573212 27
12 -217.539185 27
13 -217.404465 27
14 -216.080353 27
15 -214.962341 27
Frame # 32
0 -217.448364 27
1 -224.838211 27
2 -227.600586 27
3 -227.765076 27
4 -227.951233 27
5 -228.106247 27
6 -226.800522 27
7 -224.680298 27
8 -224.362167 27
9 -223.093735 27
10 -221.175735 27
11 -219.104599 27
12 -218.806808 27
13 -217.960236 27
14 -217.458557 27
15 -216.075653 27
Frame # 33
0 -213.496002 27
1 -227.060654 27
2 -223.438232 27
3 -223.457138 27
4 -222.363800 27
5 -222.450516 27
6 -222.056686 27
7 -220.718445 27
8 -220.867111 27
9 -220.837296 27
10 -221.268875 27
11 -220.838211 27
12 -220.465195 27
13 -218.607651 27
14 -217.065247 27
15 -215.240692 27
Frame # 34
0 -218.765182 27
1 -227.153275 27
2 -228.663300 27
3 -227.500824 27
4 -224.048553 27
5 -222.450516 27
6 -221.881531 27
7 -221.246689 27
8 -220.672928 27
9 -220.052429 27
10 -219.592590 27
11 -219.199005 27
12 -219.392670 27
13 -219.162964 27
14 -219.033615 27
15 -217.838409 27
Frame # 35
0 -214.061035 27
1 -224.653000 27
2 -221.489899 27
3 -221.962753 27
4 -221.299438 27
5 -220.859680 27
6 -220.563416 27
7 -221.070587 27
8 -221.643768 27
9 -221.033493 27
10 -220.337616 27
11 -220.143005 27
12 -220.074982 27
13 -219.533157 27
14 -218.837204 27
15 -216.817871 27
Frame # 36
0 -213.119614 27
1 -222.800964 27
2 -222.109833 27
3 -221.962753 27
4 -221.210266 27
5 -221.036423 27
6 -221.003143 27
7 -220.014114 27
8 -220.478806 27
9 -219.561905 27
10 -219.685730 27
11 -219.482208 27
12 -219.587738 27
13 -219.348068 27
14 -218.541412 27
15 -217.003418 27
Frame # 37
0 -217.354279 27
1 -224.560410 27
2 -226.360718 27
3 -226.797562 27
4 -225.202118 27
5 -224.394318 27
6 -222.935059 27
7 -222.391205 27
8 -222.517578 27
9 -221.622147 27
10 -220.896362 27
11 -221.310104 27
12 -220.562744 27
13 -219.718277 27
14 -219.132523 27
15 -217.652863 27
Frame # 38
0 -216.413361 27
1 -228.079300 27
2 -227.954834 27
3 -227.413437 27
4 -225.999893 27
5 -225.101349 27
6 -224.341034 27
7 -223.887924 27
8 -223.391327 27
9 -223.878601 27
10 -223.038284 27
11 -221.181412 27
12 -221.148026 27
13 -219.626160 27
14 -218.639862 27
15 -216.910645 27
Frame # 39
0 -212.178696 27
1 -223.819595 27
2 -221.578461 27
3 -221.611130 27
4 -221.032883 27
5 -220.241013 27
6 -219.597198 27
7 -219.485870 27
8 -219.896729 27
9 -218.973282 27
10 -218.195694 27
11 -217.594177 27
12 -217.246536 27
13 -217.126816 27
14 -217.064789 27
15 -216.817871 27
Frame # 40
0 -216.131088 27
1 -223.356567 27
2 -222.375519 27
3 -220.556763 27
4 -219.081543 27
5 -219.268341 27
6 -218.895020 27
7 -218.253296 27
8 -218.342941 27
9 -217.894104 27
10 -217.636948 27
11 -217.499786 27
12 -217.148972 27
13 -217.034271 27
14 -216.375687 27
15 -215.704559 27
Frame # 41
0 -215.566040 27
1 -223.726974 27
2 -223.526794 27
3 -223.193420 27
4 -222.629898 27
5 -221.743484 27
6 -221.266129 27
7 -220.542343 27
8 -220.187531 27
9 -219.660019 27
10 -219.312683 27
11 -219.328217 27
12 -219.100006 27
13 -218.515106 27
14 -218.246078 27
15 -216.446777 27
Frame # 42
0 -212.178696 27
1 -222.152740 27
2 -221.224213 27
3 -219.677689 27
4 -219.702423 27
5 -219.975372 27
6 -219.158524 27
7 -218.341354 27
8 -218.731247 27
9 -218.580841 27
10 -218.475067 27
11 -217.499786 27
12 -215.978363 27
13 -214.813477 27
14 -213.520874 27
15 -212.457382 27
Frame # 43
0 -217.730179 27
1 -224.282593 27
2 -226.360718 27
3 -224.951538 27
4 -223.960358 27
5 -224.041336 27
6 -223.637772 27
7 -222.655350 27
8 -222.420486 27
9 -222.210770 27
10 -220.616989 27
11 -219.954208 27
12 -219.489670 27
13 -219.162964 27
14 -218.344971 27
15 -216.539551 27
Frame # 44
0 -211.143707 27
1 -222.800964 27
2 -221.578461 27
3 -220.907867 27
4 -219.170227 27
5 -218.473450 27
6 -217.928772 27
7 -216.404449 27
8 -216.789566 27
9 -216.520615 27
10 -216.053772 27
11 -216.083771 27
12 -216.661224 27
13 -216.664078 27
14 -216.178802 27
15 -215.426239 27
Frame # 45
0 -212.743759 27
1 -220.578506 27
2 -222.640701 27
3 -222.314362 27
4 -220.855957 27
5 -220.505646 27
6 -219.070160 27
7 -218.605438 27
8 -218.440033 27
9 -217.403564 27
10 -216.519409 27
11 -216.366974 27
12 -215.977844 27
13 -215.646439 27
14 -214.899048 27
15 -213.292374 27
Frame # 46
0 -232.596802 27
1 -233.265015 27
2 -238.493530 27
3 -236.555130 27
4 -233.894424 27
5 -232.614105 27
6 -231.718964 27
7 -228.289963 27
8 -228.536804 27
9 -227.311829 27
10 -224.342056 27
11 -222.975021 27
12 -221.830887 27
13 -221.569305 27
14 -220.215378 27
15 -219.322830 27
Frame # 47
0 -224.316650 27
1 -234.376221 27
2 -232.914215 27
3 -230.313812 27
4 -229.547791 27
5 -228.106781 27
6 -226.887817 27
7 -224.680298 27
8 -225.235916 27
9 -224.172897 27
10 -222.479507 27
11 -221.781952 27
12 -221.441223 27
13 -220.551239 27
14 -219.920059 27
15 -218.487839 27
Frame # 48
0 -225.351654 27
1 -234.376221 27
2 -233.711243 27
3 -233.478439 27
4 -231.587814 27
5 -230.669785 27
6 -228.030258 27
7 -225.560684 27
8 -225.721359 27
9 -225.350189 27
10 -224.528305 27
11 -223.730240 27
12 -222.319183 27
13 -221.014435 27
14 -219.919586 27
15 -218.209503 27
Frame # 49
0 -224.223053 27
1 -234.191040 27
2 -234.331177 27
3 -232.599365 27
4 -231.056137 27
5 -229.873825 27
6 -228.205414 27
7 -227.849731 27
8 -227.274689 27
9 -226.232651 27
10 -225.087082 27
11 -224.674240 27
12 -223.586823 27
13 -222.679932 27
14 -222.183777 27
15 -220.621689 27
