Frame # 0
0 -124.013435 27
1 -171.868958 27
2 -167.201538 27
3 -164.735184 27
4 -162.581207 27
5 -160.849457 27
6 -159.075882 27
7 -155.655533 27
8 -154.072662 27
9 -152.554611 27
10 -150.398834 27
11 -149.247528 27
12 -148.026367 27
13 -146.879242 27
14 -145.890808 27
15 -144.451828 27
Frame # 1
0 -125.236633 27
1 -172.702393 27
2 -167.201935 27
3 -164.471451 27
4 -161.918335 27
5 -160.142426 27
6 -158.285324 27
7 -154.687103 27
8 -153.295654 27
9 -151.377701 27
10 -149.001938 27
11 -147.831207 27
12 -146.855438 27
13 -145.861191 27
14 -144.807648 27
15 -143.895523 27
Frame # 2
0 -129.471359 27
1 -172.054169 27
2 -167.290100 27
3 -164.296021 27
4 -161.782913 27
5 -159.081512 27
6 -157.055588 27
7 -153.366486 27
8 -151.742294 27
9 -150.592499 27
10 -148.815689 27
11 -147.925613 27
12 -147.538132 27
13 -146.509338 27
14 -145.398300 27
15 -143.895172 27
Frame # 3
0 -130.882172 27
1 -174.369614 27
2 -167.555786 27
3 -163.768219 27
4 -160.807251 27
5 -158.639984 27
6 -156.616028 27
7 -152.838257 27
8 -151.936798 27
9 -150.101974 27
10 -147.605042 27
11 -146.509598 27
12 -145.391754 27
13 -144.380356 27
14 -143.626343 27
15 -142.781860 27
Frame # 4
0 -127.213127 27
1 -172.702393 27
2 -163.836273 27
3 -161.043137 27
4 -158.767242 27
5 -156.960419 27
6 -155.386658 27
7 -152.486404 27
8 -151.062729 27
9 -149.317123 27
10 -146.953171 27
11 -145.754395 27
12 -145.098679 27
13 -143.917603 27
14 -143.232880 27
15 -141.854111 27
Frame # 5
0 -118.274078 27
1 -165.479431 27
2 -159.851059 27
3 -158.142609 27
4 -155.888519 27
5 -154.486191 27
6 -152.839325 27
7 -149.844879 27
8 -148.635620 27
9 -147.355011 27
10 -144.997513 27
11 -143.866379 27
12 -143.147446 27
13 -142.159409 27
14 -141.263748 27
15 -139.905807 27
Frame # 6
0 -123.166603 27
1 -165.572037 27
2 -162.950653 27
3 -160.515717 27
4 -158.146362 27
5 -156.342148 27
6 -155.034927 27
7 -151.605682 27
8 -150.286362 27
9 -148.336060 27
10 -146.208145 27
11 -145.093903 27
12 -144.318375 27
13 -143.269730 27
14 -142.445038 27
15 -141.297455 27
Frame # 7
0 -127.589218 27
1 -169.368729 27
2 -164.810425 27
3 -161.834656 27
4 -159.654205 27
5 -157.755829 27
6 -156.528549 27
7 -152.926285 27
8 -151.548141 27
9 -150.396286 27
10 -148.257248 27
11 -147.076004 27
12 -145.684143 27
13 -144.010452 27
14 -143.331314 27
15 -141.854111 27
Frame # 8
0 -128.247574 27
1 -172.239380 27
2 -164.987549 27
3 -161.746750 27
4 -158.726074 27
5 -156.342148 27
6 -154.420425 27
7 -151.077438 27
8 -149.703552 27
9 -148.826599 27
10 -146.860031 27
11 -145.848801 27
12 -145.098679 27
13 -143.917892 27
14 -142.937256 27
15 -141.575775 27
Frame # 9
0 -126.460114 27
1 -171.683762 27
2 -166.227386 27
3 -163.065338 27
4 -160.410873 27
5 -158.551620 27
6 -157.231262 27
7 -154.334930 27
8 -153.004410 27
9 -151.671661 27
10 -149.188202 27
11 -148.114410 27
12 -147.245743 27
13 -146.139145 27
14 -145.004837 27
15 -143.709610 27
Frame # 10
0 -129.282883 27
1 -174.461823 27
2 -168.264282 27
3 -164.999268 27
4 -161.960327 27
5 -160.053680 27
6 -158.109650 27
7 -154.951218 27
8 -153.878159 27
9 -151.867874 27
10 -149.560699 27
11 -148.303207 27
12 -147.147827 27
13 -145.953735 27
14 -145.398590 27
15 -144.359055 27
Frame # 11
0 -131.258820 27
1 -174.554413 27
2 -166.581635 27
3 -162.889526 27
4 -160.144852 27
5 -157.844223 27
6 -156.001526 27
7 -152.486084 27
8 -151.256882 27
9 -149.709549 27
10 -147.232544 27
11 -146.131989 27
12 -145.001099 27
13 -143.825348 27
14 -142.838821 27
15 -141.668564 27
Frame # 12
0 -126.459831 27
1 -170.387329 27
2 -163.216705 27
3 -160.516068 27
4 -157.928009 27
5 -156.077011 27
6 -154.508270 27
7 -151.253510 27
8 -149.800613 27
9 -148.140198 27
10 -145.928772 27
11 -144.621582 27
12 -144.123230 27
13 -143.084641 27
14 -142.346603 27
15 -141.204681 27
Frame # 13
0 -126.553925 27
1 -169.739120 27
2 -163.570587 27
3 -160.691513 27
4 -157.880264 27
5 -156.165375 27
6 -154.332230 27
7 -151.253510 27
8 -149.897705 27
9 -148.434158 27
10 -145.928772 27
11 -145.093903 27
12 -144.220795 27
13 -143.362289 27
14 -142.543793 27
15 -141.483002 27
Frame # 14
0 -126.177834 27
1 -169.461319 27
2 -163.836273 27
3 -160.955612 27
4 -158.105362 27
5 -156.342148 27
6 -154.771774 27
7 -151.605682 27
8 -150.286041 27
9 -149.219025 27
10 -147.046295 27
11 -146.226395 27
12 -144.611130 27
13 -143.917892 27
14 -142.937256 27
15 -141.297455 27
Frame # 15
0 -130.035614 27
1 -171.776367 27
2 -164.987549 27
3 -161.482681 27
4 -158.678528 27
5 -155.811508 27
6 -153.981232 27
7 -150.285080 27
8 -149.023956 27
9 -147.649323 27
10 -145.556259 27
11 -144.243988 27
12 -143.244675 27
13 -142.529327 27
14 -141.362488 27
15 -140.184143 27
Frame # 16
0 -125.707092 27
1 -170.109924 27
2 -163.482025 27
3 -161.043137 27
4 -158.501144 27
5 -156.342148 27
6 -154.771423 27
7 -150.901367 27
8 -149.800934 27
9 -147.943649 27
10 -145.835648 27
11 -144.810699 27
12 -144.123230 27
13 -143.084641 27
14 -141.953140 27
15 -140.740799 27
Frame # 17
0 -127.024384 27
1 -169.090912 27
2 -165.430359 27
3 -162.362106 27
4 -159.524124 27
5 -157.844589 27
6 -156.001526 27
7 -152.221970 27
8 -150.771454 27
9 -149.022797 27
10 -146.766907 27
11 -145.565598 27
12 -145.001450 27
13 -144.010452 27
14 -143.232590 27
15 -142.039658 27
Frame # 18
0 -126.553925 27
1 -171.591553 27
2 -165.430359 27
3 -162.449631 27
4 -159.565506 27
5 -157.579437 27
6 -155.737640 27
7 -152.133911 27
8 -150.868866 27
9 -148.728485 27
10 -146.487534 27
11 -145.659988 27
12 -145.196594 27
13 -144.195251 27
14 -143.724777 27
15 -142.225204 27
Frame # 19
0 -121.190941 27
1 -168.720505 27
2 -164.013397 27
3 -161.746384 27
4 -159.654205 27
5 -157.844589 27
6 -156.264664 27
7 -152.750198 27
8 -151.160141 27
9 -149.022797 27
10 -146.953171 27
11 -145.943192 27
12 -145.196594 27
13 -144.195251 27
14 -143.134445 27
15 -141.761337 27
Frame # 20
0 -117.897697 27
1 -167.053665 27
2 -163.924835 27
3 -162.098007 27
4 -159.701492 27
5 -158.109344 27
6 -156.265045 27
7 -153.542572 27
8 -152.227722 27
9 -150.887177 27
10 -148.443176 27
11 -147.359207 27
12 -146.660263 27
13 -145.861481 27
14 -144.807648 27
15 -143.338516 27
Frame # 21
0 -133.140381 27
1 -172.054169 27
2 -168.884186 27
3 -165.262619 27
4 -162.450363 27
5 -160.319199 27
6 -158.373154 27
7 -154.511017 27
8 -153.198883 27
9 -151.475449 27
10 -149.188202 27
11 -147.925919 27
12 -147.733627 27
13 -146.601593 27
14 -145.693634 27
15 -143.987946 27
Frame # 22
0 -124.860542 27
1 -172.331970 27
2 -164.279068 27
3 -161.834656 27
4 -159.388107 27
5 -157.490707 27
6 -155.737991 27
7 -152.398056 27
8 -151.159821 27
9 -149.317123 27
10 -146.766907 27
11 -145.565598 27
12 -144.805939 27
13 -143.825348 27
14 -142.937256 27
15 -141.761337 27
Frame # 23
0 -127.588936 27
1 -170.109528 27
2 -164.987915 27
3 -161.922195 27
4 -159.258118 27
5 -157.579437 27
6 -155.650162 27
7 -152.398056 27
8 -150.868546 27
9 -149.317123 27
10 -146.766907 27
11 -145.848801 27
12 -144.806290 27
13 -143.917892 27
14 -143.134140 27
15 -141.575775 27
Frame # 24
0 -129.658966 27
1 -172.331970 27
2 -168.087158 27
3 -164.735184 27
4 -162.095688 27
5 -160.142426 27
6 -158.460999 27
7 -154.511017 27
8 -152.907318 27
9 -151.475449 27
10 -149.374435 27
11 -148.020004 27
12 -147.148163 27
13 -146.046280 27
14 -145.201416 27
15 -143.987946 27
Frame # 25
0 -126.930283 27
1 -173.906601 27
2 -166.138824 27
3 -163.152878 27
4 -160.452469 27
5 -158.551620 27
6 -156.703873 27
7 -152.750198 27
8 -151.645233 27
9 -150.003860 27
10 -147.418793 27
11 -146.321106 27
12 -145.684479 27
13 -144.472916 27
14 -143.724777 27
15 -142.411118 27
Frame # 26
0 -126.083733 27
1 -170.850342 27
2 -164.633301 27
3 -161.570572 27
4 -159.033310 27
5 -157.314316 27
6 -155.737640 27
7 -152.309998 27
8 -150.868546 27
9 -149.513336 27
10 -147.232544 27
11 -145.754700 27
12 -145.099014 27
13 -143.547394 27
14 -142.937256 27
15 -141.946884 27
Frame # 27
0 -130.129715 27
1 -172.702774 27
2 -168.264282 27
3 -164.735184 27
4 -161.871613 27
5 -159.700531 27
6 -158.109283 27
7 -154.334930 27
8 -152.616394 27
9 -151.181137 27
10 -148.536316 27
11 -147.265106 27
12 -146.855438 27
13 -145.583527 27
14 -144.709213 27
15 -143.431290 27
Frame # 28
0 -127.777405 27
1 -174.554413 27
2 -166.138824 27
3 -162.977066 27
4 -160.275085 27
5 -158.462860 27
6 -157.143051 27
7 -153.806686 27
8 -152.518982 27
9 -151.181137 27
10 -148.443176 27
11 -147.359207 27
12 -146.367172 27
13 -144.935669 27
14 -144.217300 27
15 -142.967407 27
Frame # 29
0 -127.683586 27
1 -173.350601 27
2 -167.290100 27
3 -163.944031 27
4 -161.339447 27
5 -159.169891 27
6 -157.406570 27
7 -154.422974 27
8 -153.101501 27
9 -151.769775 27
10 -148.908813 27
11 -147.642410 27
12 -146.659912 27
13 -145.305878 27
14 -144.807953 27
15 -143.245743 27
Frame # 30
0 -123.543243 27
1 -171.961563 27
2 -163.836273 27
3 -160.955612 27
4 -158.282700 27
5 -156.607285 27
6 -155.210968 27
7 -151.957855 27
8 -150.674393 27
9 -148.924698 27
10 -146.860031 27
11 -145.659988 27
12 -144.610794 27
13 -143.455139 27
14 -142.149734 27
15 -140.926361 27
Frame # 31
0 -125.518913 27
1 -170.202133 27
2 -165.607849 27
3 -162.713348 27
4 -160.322220 27
5 -158.728378 27
6 -157.319107 27
7 -154.599060 27
8 -153.198563 27
9 -151.769775 27
10 -149.001587 27
11 -147.925613 27
12 -147.148163 27
13 -145.953735 27
14 -144.807648 27
15 -143.524063 27
Frame # 32
0 -125.801460 27
1 -172.146774 27
2 -166.670197 27
3 -163.680695 27
4 -161.208939 27
5 -159.435028 27
6 -157.933975 27
7 -154.951218 27
8 -153.586914 27
9 -151.377335 27
10 -149.281326 27
11 -147.736801 27
12 -146.757858 27
13 -145.306168 27
14 -144.315430 27
15 -143.060181 27
Frame # 33
0 -128.530136 27
1 -172.887589 27
2 -165.518921 27
3 -162.273819 27
4 -159.742889 27
5 -157.756210 27
6 -156.176834 27
7 -153.014328 27
8 -151.645233 27
9 -150.101974 27
10 -147.232544 27
11 -145.848801 27
12 -144.513214 27
13 -143.362289 27
14 -142.642227 27
15 -141.575775 27
Frame # 34
0 -120.061569 27
1 -168.813110 27
2 -163.924835 27
3 -162.098007 27
4 -159.967499 27
5 -158.463242 27
6 -156.792068 27
7 -153.630615 27
8 -152.130661 27
9 -150.298538 27
10 -147.698181 27
11 -146.415192 27
12 -145.782059 27
13 -144.843414 27
14 -143.921677 27
15 -142.689087 27
Frame # 35
0 -125.236633 27
1 -170.295120 27
2 -166.315948 27
3 -163.680313 27
4 -161.208939 27
5 -159.523788 27
6 -157.933594 27
7 -154.863174 27
8 -153.198883 27
9 -151.965973 27
10 -149.188202 27
11 -148.397919 27
12 -147.245743 27
13 -146.231400 27
14 -145.398300 27
15 -143.987946 27
Frame # 36
0 -125.989655 27
1 -172.424576 27
2 -166.670197 27
3 -163.768585 27
4 -160.942917 27
5 -158.993500 27
6 -157.231262 27
7 -153.982773 27
8 -152.616074 27
9 -151.279236 27
10 -148.443176 27
11 -147.453598 27
12 -146.562683 27
13 -145.398727 27
14 -144.610764 27
15 -143.060181 27
Frame # 37
0 -127.589218 27
1 -171.128540 27
2 -164.987549 27
3 -161.658478 27
4 -158.767242 27
5 -157.049179 27
6 -155.386292 27
7 -152.486084 27
8 -151.256882 27
9 -150.200073 27
10 -147.791290 27
11 -146.321106 27
12 -144.903519 27
13 -143.639954 27
14 -143.035995 27
15 -141.946884 27
Frame # 38
0 -126.083733 27
1 -170.479950 27
2 -164.544739 27
3 -161.658844 27
4 -159.080780 27
5 -157.137192 27
6 -155.737991 27
7 -152.750198 27
8 -151.936478 27
9 -150.592499 27
10 -148.070679 27
11 -146.415192 27
12 -145.391754 27
13 -143.732803 27
14 -143.134140 27
15 -141.854111 27
Frame # 39
0 -132.481720 27
1 -173.998810 27
2 -168.707062 27
3 -164.998901 27
4 -162.095688 27
5 -159.788910 27
6 -157.757935 27
7 -154.246887 27
8 -152.713455 27
9 -150.984924 27
10 -148.350052 27
11 -146.698700 27
12 -145.782059 27
13 -144.658005 27
14 -143.626648 27
15 -142.689087 27
Frame # 40
0 -125.989372 27
1 -173.906204 27
2 -165.696014 27
3 -162.713348 27
4 -160.056198 27
5 -158.374863 27
6 -156.879898 27
7 -153.982773 27
8 -152.810226 27
9 -151.867874 27
10 -149.746948 27
11 -148.397614 27
12 -146.757858 27
13 -145.490967 27
14 -144.413879 27
15 -143.153320 27
Frame # 41
0 -132.387924 27
1 -173.906204 27
2 -168.618500 27
3 -164.998901 27
4 -161.871613 27
5 -159.876923 27
6 -157.933975 27
7 -154.158859 27
8 -152.518982 27
9 -150.886826 27
10 -148.629440 27
11 -147.548004 27
12 -146.659912 27
13 -145.953735 27
14 -145.201416 27
15 -144.080719 27
Frame # 42
0 -130.788071 27
1 -175.943451 27
2 -168.175720 27
3 -164.910995 27
4 -162.184357 27
5 -160.142426 27
6 -158.548477 27
7 -155.655533 27
8 -154.169724 27
9 -152.848938 27
10 -150.212585 27
11 -149.247223 27
12 -148.221512 27
13 -146.971802 27
14 -145.496735 27
15 -144.173508 27
Frame # 43
0 -132.293839 27
1 -175.943451 27
2 -169.769775 27
3 -166.142044 27
4 -163.425781 27
5 -161.379349 27
6 -159.690750 27
7 -155.919662 27
8 -154.557755 27
9 -152.848938 27
10 -150.212585 27
11 -149.436020 27
12 -148.709412 27
13 -147.434555 27
14 -146.579590 27
15 -145.101257 27
Frame # 44
0 -129.282593 27
1 -176.221252 27
2 -169.592682 27
3 -166.405380 27
4 -163.734253 27
5 -161.556488 27
6 -159.690369 27
7 -155.567505 27
8 -154.072342 27
9 -152.063766 27
10 -149.560699 27
11 -148.397919 27
12 -147.831207 27
13 -146.416489 27
14 -145.398300 27
15 -143.802399 27
Frame # 45
0 -126.554207 27
1 -174.276611 27
2 -164.810425 27
3 -161.834656 27
4 -159.299408 27
5 -157.402313 27
6 -155.650162 27
7 -153.014328 27
8 -151.256882 27
9 -150.003860 27
10 -147.511917 27
11 -146.698395 27
12 -145.781708 27
13 -144.565765 27
14 -143.921677 27
15 -142.503540 27
Frame # 46
0 -125.612740 27
1 -169.924332 27
2 -163.836273 27
3 -161.306854 27
4 -158.814743 27
5 -156.784042 27
6 -155.123138 27
7 -151.429596 27
8 -150.188980 27
9 -148.630386 27
10 -146.487534 27
11 -145.187988 27
12 -144.318375 27
13 -143.177490 27
14 -142.051285 27
15 -141.019135 27
Frame # 47
0 -127.683022 27
1 -169.739120 27
2 -165.518921 27
3 -162.449631 27
4 -159.701492 27
5 -158.021347 27
6 -156.440720 27
7 -153.366486 27
8 -151.936478 27
9 -150.690598 27
10 -147.884430 27
11 -146.981598 27
12 -145.684479 27
13 -144.658325 27
14 -143.724777 27
15 -142.410767 27
Frame # 48
0 -129.282593 27
1 -174.184006 27
2 -167.467224 27
3 -164.383545 27
4 -161.652313 27
5 -159.700531 27
6 -158.021805 27
7 -154.686752 27
8 -153.586914 27
9 -151.867874 27
10 -149.560699 27
11 -148.586411 27
12 -147.733627 27
13 -146.509048 27
14 -145.299850 27
15 -144.173508 27
Frame # 49
0 -130.223511 27
1 -174.647018 27
2 -167.112976 27
3 -163.856125 27
4 -161.073349 27
5 -158.993500 27
6 -157.406570 27
7 -153.894730 27
8 -152.616074 27
9 -150.788712 27
10 -148.350052 27
11 -146.698700 27
12 -145.879639 27
13 -144.472916 27
14 -143.429474 27
15 -142.039658 27
