Frame # 0
0 -131.258820 27
1 -131.587173 27
2 -138.737839 27
3 -141.791809 27
4 -142.713104 27
5 -143.615265 27
6 -143.615936 27
7 -143.417908 27
8 -143.393082 27
9 -142.940231 27
10 -142.575897 27
11 -142.261581 27
12 -142.073761 27
13 -141.603821 27
14 -141.460632 27
15 -140.926361 27
Frame # 1
0 -126.271927 27
1 -134.179764 27
2 -141.341995 27
3 -143.901535 27
4 -144.804291 27
5 -145.559586 27
6 -145.636551 27
7 -145.354797 27
8 -145.237320 27
9 -144.411835 27
10 -143.693741 27
11 -143.449188 27
12 -143.147110 27
13 -142.621887 27
14 -142.445038 27
15 -142.039368 27
Frame # 2
0 -123.919083 27
1 -135.383850 27
2 -140.456390 27
3 -142.846664 27
4 -143.474197 27
5 -144.234253 27
6 -144.230804 27
7 -144.033875 27
8 -143.781418 27
9 -143.921295 27
10 -143.600281 27
11 -143.111176 27
12 -142.952301 27
13 -142.529327 27
14 -142.149734 27
15 -141.019135 27
Frame # 3
0 -131.634903 27
1 -133.068802 27
2 -139.305099 27
3 -142.231323 27
4 -143.296844 27
5 -144.145859 27
6 -144.142960 27
7 -143.770081 27
8 -143.684326 27
9 -142.939941 27
10 -142.296524 27
11 -142.072784 27
12 -141.878601 27
13 -141.511261 27
14 -141.263748 27
15 -140.740799 27
Frame # 4
0 -133.705215 27
1 -131.772385 27
2 -137.586853 27
3 -140.649033 27
4 -141.789398 27
5 -142.731476 27
6 -142.913544 27
7 -142.713593 27
8 -142.713486 27
9 -141.959183 27
10 -141.458710 27
11 -140.995453 27
12 -140.512497 27
13 -140.123276 27
14 -139.787125 27
15 -139.256378 27
Frame # 5
0 -127.777122 27
1 -132.605789 27
2 -139.659332 27
3 -142.319244 27
4 -142.764801 27
5 -143.438828 27
6 -143.440262 27
7 -143.153473 27
8 -143.004761 27
9 -142.842133 27
10 -142.389633 27
11 -141.978378 27
12 -142.074081 27
13 -141.696365 27
14 -141.460632 27
15 -140.833572 27
Frame # 6
0 -132.105637 27
1 -133.346619 27
2 -141.128342 27
3 -144.077347 27
4 -145.019226 27
5 -145.647964 27
6 -145.548386 27
7 -145.266769 27
8 -145.140594 27
9 -144.902054 27
10 -144.438416 27
11 -144.149582 27
12 -143.927750 27
13 -143.362289 27
14 -142.937256 27
15 -142.225204 27
Frame # 7
0 -129.659256 27
1 -134.179764 27
2 -139.393661 27
3 -142.055511 27
4 -143.030823 27
5 -143.968765 27
6 -144.143295 27
7 -144.122253 27
8 -143.975601 27
9 -143.921295 27
10 -143.321228 27
11 -142.827988 27
12 -142.464066 27
13 -141.974319 27
14 -141.559082 27
15 -140.833298 27
Frame # 8
0 -130.129150 27
1 -133.809616 27
2 -140.899185 27
3 -143.901535 27
4 -144.715637 27
5 -145.383179 27
6 -145.373047 27
7 -145.090347 27
8 -144.946442 27
9 -144.117508 27
10 -143.786530 27
11 -143.449188 27
12 -143.245026 27
13 -142.899536 27
14 -142.838470 27
15 -142.410767 27
Frame # 9
0 -133.140671 27
1 -132.791000 27
2 -138.560760 27
3 -141.616318 27
4 -142.676117 27
5 -143.615265 27
6 -143.791931 27
7 -143.858109 27
8 -143.684326 27
9 -143.430771 27
10 -142.855606 27
11 -142.505447 27
12 -142.073761 27
13 -141.604111 27
14 -141.165298 27
15 -140.554962 27
Frame # 10
0 -134.457672 27
1 -132.235397 27
2 -138.419495 27
3 -141.879700 27
4 -143.119492 27
5 -144.410995 27
6 -144.757828 27
7 -145.090683 27
8 -144.752258 27
9 -145.196381 27
10 -144.531540 27
11 -144.149582 27
12 -143.830139 27
13 -143.177200 27
14 -142.641937 27
15 -141.668564 27
Frame # 11
0 -145.277939 27
1 -130.105560 27
2 -138.773743 27
3 -142.897858 27
4 -144.538284 27
5 -145.825058 27
6 -146.075409 27
7 -146.059128 27
8 -146.208527 27
9 -145.196381 27
10 -144.438416 27
11 -144.055176 27
12 -143.830139 27
13 -143.362289 27
14 -143.331024 27
15 -143.060181 27
Frame # 12
0 -133.045990 27
1 -131.494568 27
2 -139.925018 27
3 -143.198288 27
4 -144.449585 27
5 -145.383179 27
6 -145.636215 27
7 -145.442520 27
8 -145.334763 27
9 -144.804245 27
10 -144.159027 27
11 -143.677582 27
12 -143.440186 27
13 -142.899536 27
14 -142.641937 27
15 -141.946884 27
Frame # 13
0 -134.646149 27
1 -132.605530 27
2 -139.127975 27
3 -142.319244 27
4 -143.474197 27
5 -144.410660 27
6 -144.670319 27
7 -144.474396 27
8 -144.363571 27
9 -143.823196 27
10 -143.321228 27
11 -142.827988 27
12 -142.659210 27
13 -141.974014 27
14 -141.559082 27
15 -140.833298 27
Frame # 14
0 -135.869049 27
1 -131.031296 27
2 -137.711014 27
3 -141.088562 27
4 -142.321426 27
5 -143.350449 27
6 -143.616272 27
7 -143.505646 27
8 -143.490173 27
9 -143.430771 27
10 -143.134644 27
11 -142.788559 27
12 -142.757141 27
13 -142.344223 27
14 -141.854401 27
15 -140.926361 27
Frame # 15
0 -136.339798 27
1 -131.587173 27
2 -139.446121 27
3 -142.758774 27
4 -143.866180 27
5 -144.852554 27
6 -145.021347 27
7 -144.738525 27
8 -144.655167 27
9 -144.313416 27
10 -143.693741 27
11 -143.299988 27
12 -143.244675 27
13 -142.529327 27
14 -142.346603 27
15 -141.854111 27
Frame # 16
0 -142.455490 27
1 -130.198151 27
2 -137.799576 27
3 -141.703903 27
4 -142.853470 27
5 -143.880737 27
6 -143.967285 27
7 -143.769760 27
8 -143.781418 27
9 -142.645920 27
10 -142.017136 27
11 -141.883987 27
12 -141.683762 27
13 -141.418716 27
14 -141.362183 27
15 -141.111908 27
Frame # 17
0 -130.411713 27
1 -130.661163 27
2 -139.127975 27
3 -141.879700 27
4 -142.942139 27
5 -143.792343 27
6 -143.967285 27
7 -143.681717 27
8 -143.587265 27
9 -142.940231 27
10 -142.389633 27
11 -141.883987 27
12 -141.586182 27
13 -141.233612 27
14 -140.771530 27
15 -140.184143 27
Frame # 18
0 -124.954353 27
1 -133.901947 27
2 -140.633499 27
3 -143.110382 27
4 -144.094910 27
5 -144.764175 27
6 -144.758163 27
7 -144.474060 27
8 -144.266846 27
9 -143.921295 27
10 -143.507156 27
11 -143.071686 27
12 -142.757141 27
13 -142.066574 27
14 -141.460297 27
15 -140.648026 27
Frame # 19
0 -132.670197 27
1 -132.420319 27
2 -137.268219 27
3 -140.209824 27
4 -141.434692 27
5 -142.377960 27
6 -142.562210 27
7 -142.273071 27
8 -142.131012 27
9 -141.566757 27
10 -140.992752 27
11 -140.617950 27
12 -140.415268 27
13 -139.937897 27
14 -139.491791 27
15 -138.885284 27
Frame # 20
0 -122.884323 27
1 -132.698395 27
2 -140.810623 27
3 -143.198288 27
4 -143.740219 27
5 -144.410995 27
6 -144.318634 27
7 -143.769760 27
8 -143.684326 27
9 -143.038345 27
10 -142.482758 27
11 -141.978378 27
12 -141.683441 27
13 -141.140717 27
14 -141.066864 27
15 -140.555252 27
Frame # 21
0 -126.365746 27
1 -135.476456 27
2 -140.951263 27
3 -143.549927 27
4 -144.664444 27
5 -145.382828 27
6 -145.548386 27
7 -145.354797 27
8 -144.946442 27
9 -144.509644 27
10 -143.973114 27
11 -143.299988 27
12 -143.049530 27
13 -142.436768 27
14 -142.149734 27
15 -141.482712 27
Frame # 22
0 -126.930283 27
1 -135.198639 27
2 -142.456390 27
3 -144.868500 27
4 -145.374023 27
5 -145.824722 27
6 -145.636215 27
7 -145.090683 27
8 -145.140594 27
9 -144.117218 27
10 -143.600616 27
11 -143.111176 27
12 -142.951950 27
13 -142.436768 27
14 -142.346603 27
15 -141.946594 27
Frame # 23
0 -131.352631 27
1 -136.217270 27
2 -142.190781 27
3 -144.956406 27
4 -145.728806 27
5 -146.443375 27
6 -146.426773 27
7 -146.235214 27
8 -146.014343 27
9 -146.079330 27
10 -145.649048 27
11 -145.187988 27
12 -145.196259 27
13 -144.565460 27
14 -144.216995 27
15 -143.431290 27
Frame # 24
0 -137.468323 27
1 -134.272629 27
2 -140.367828 27
3 -143.813629 27
4 -145.158981 27
5 -146.178574 27
6 -146.514938 27
7 -146.498993 27
8 -146.305618 27
9 -145.981522 27
10 -145.555923 27
11 -145.242310 27
12 -145.099014 27
13 -144.380356 27
14 -143.823242 27
15 -142.874634 27
Frame # 25
0 -137.845291 27
1 -132.420593 27
2 -139.003448 27
3 -142.319244 27
4 -143.740219 27
5 -144.675797 27
6 -144.933502 27
7 -144.826569 27
8 -144.752258 27
9 -144.803955 27
10 -144.345627 27
11 -143.960785 27
12 -143.927750 27
13 -143.177200 27
14 -142.641937 27
15 -141.946594 27
Frame # 26
0 -131.634613 27
1 -130.938965 27
2 -139.482224 27
3 -142.546326 27
4 -143.562866 27
5 -144.499374 27
6 -144.582153 27
7 -144.386047 27
8 -144.461014 27
9 -143.725098 27
10 -143.134644 27
11 -142.733582 27
12 -142.464417 27
13 -141.881470 27
14 -141.657516 27
15 -141.019135 27
Frame # 27
0 -127.494576 27
1 -133.254013 27
2 -139.127975 27
3 -141.843262 27
4 -142.498795 27
5 -143.262085 27
6 -143.264572 27
7 -142.889359 27
8 -142.907669 27
9 -142.743729 27
10 -142.296524 27
11 -141.978378 27
12 -141.878601 27
13 -141.326172 27
14 -140.869995 27
15 -140.184143 27
Frame # 28
0 -140.949707 27
1 -131.401978 27
2 -138.737839 27
3 -142.231323 27
4 -143.422684 27
5 -144.499039 27
6 -144.669998 27
7 -144.650482 27
8 -144.558075 27
9 -144.607742 27
10 -144.159378 27
11 -143.866379 27
12 -143.927750 27
13 -143.547394 27
14 -143.331024 27
15 -142.688812 27
Frame # 29
0 -132.764297 27
1 -133.254013 27
2 -143.253235 27
3 -146.099182 27
4 -146.843796 27
5 -147.680664 27
6 -147.569000 27
7 -147.291702 27
8 -147.081909 27
9 -146.472046 27
10 -145.928772 27
11 -145.619797 27
12 -145.391403 27
13 -145.028214 27
14 -145.004532 27
15 -144.451538 27
Frame # 30
0 -135.398880 27
1 -133.531540 27
2 -139.711746 27
3 -142.758774 27
4 -143.828888 27
5 -144.852554 27
6 -145.197357 27
7 -145.178726 27
8 -144.946075 27
9 -145.000473 27
10 -144.531540 27
11 -144.204178 27
12 -144.025330 27
13 -143.547394 27
14 -143.429474 27
15 -142.689087 27
Frame # 31
0 -144.337326 27
1 -131.864700 27
2 -138.950851 27
3 -142.846664 27
4 -144.272263 27
5 -145.559586 27
6 -145.724380 27
7 -145.794693 27
8 -145.820190 27
9 -145.098572 27
10 -144.717789 27
11 -144.338379 27
12 -144.318375 27
13 -143.825043 27
14 -143.527908 27
15 -142.967407 27
Frame # 32
0 -141.231995 27
1 -130.105560 27
2 -137.711014 27
3 -141.755371 27
4 -143.208160 27
5 -144.499374 27
6 -144.933502 27
7 -144.914276 27
8 -144.849350 27
9 -144.705841 27
10 -144.159027 27
11 -143.583176 27
12 -143.342255 27
13 -142.899536 27
14 -142.445038 27
15 -141.668564 27
Frame # 33
0 -137.280121 27
1 -131.309372 27
2 -139.570770 27
3 -142.934570 27
4 -143.954865 27
5 -144.764175 27
6 -144.757828 27
7 -144.298309 27
8 -144.363922 27
9 -143.626678 27
10 -142.948730 27
11 -142.639175 27
12 -142.464066 27
13 -142.251678 27
14 -141.854401 27
15 -141.389938 27
Frame # 34
0 -139.068481 27
1 -129.920334 27
2 -136.967087 27
3 -140.473221 27
4 -142.055420 27
5 -143.261749 27
6 -143.440262 27
7 -143.593994 27
8 -143.586914 27
9 -143.234268 27
10 -142.762482 27
11 -142.411072 27
12 -141.976181 27
13 -141.418716 27
14 -140.869995 27
15 -140.276642 27
Frame # 35
0 -134.081299 27
1 -130.661163 27
2 -139.269058 27
3 -142.407150 27
4 -143.208160 27
5 -144.233917 27
6 -144.582153 27
7 -144.562454 27
8 -144.461014 27
9 -144.705841 27
10 -144.438751 27
11 -143.960785 27
12 -143.439835 27
13 -142.806976 27
14 -142.543488 27
15 -141.946594 27
Frame # 36
0 -133.422653 27
1 -131.587173 27
2 -138.826370 27
3 -142.055511 27
4 -143.156601 27
5 -144.057144 27
6 -143.967285 27
7 -143.770081 27
8 -143.878510 27
9 -143.136154 27
10 -142.576233 27
11 -142.167175 27
12 -142.268906 27
13 -141.974014 27
14 -141.657516 27
15 -140.926071 27
Frame # 37
0 -123.166603 27
1 -133.346619 27
2 -139.659332 27
3 -142.055511 27
4 -142.890503 27
5 -143.615265 27
6 -143.791611 27
7 -143.593994 27
8 -143.393082 27
9 -143.136154 27
10 -142.483109 27
11 -142.072784 27
12 -141.585861 27
13 -141.048508 27
14 -140.771530 27
15 -140.091095 27
Frame # 38
0 -122.978165 27
1 -133.068802 27
2 -138.153809 27
3 -140.788666 27
4 -141.523376 27
5 -142.378281 27
6 -142.561874 27
7 -142.361115 27
8 -142.228073 27
9 -141.664856 27
10 -141.179001 27
11 -140.751175 27
12 -140.317337 27
13 -139.752777 27
14 -139.393356 27
15 -138.606964 27
Frame # 39
0 -122.507965 27
1 -133.161133 27
2 -139.659332 27
3 -142.143417 27
4 -142.764801 27
5 -143.438492 27
6 -143.177063 27
7 -142.801300 27
8 -142.713486 27
9 -142.155396 27
10 -141.551498 27
11 -141.089828 27
12 -141.000732 27
13 -140.585739 27
14 -140.278992 27
15 -139.720261 27
Frame # 40
0 -127.777405 27
1 -132.420593 27
2 -137.852463 27
3 -140.649033 27
4 -141.612045 27
5 -142.466339 27
6 -142.650040 27
7 -142.625549 27
8 -142.324829 27
9 -141.959183 27
10 -141.365585 27
11 -140.995453 27
12 -140.610062 27
13 -140.215546 27
14 -140.180542 27
15 -139.719986 27
Frame # 41
0 -138.127258 27
1 -129.920090 27
2 -136.736862 27
3 -140.385315 27
4 -142.055420 27
5 -143.261749 27
6 -143.440582 27
7 -143.329544 27
8 -143.198914 27
9 -142.057297 27
10 -141.365265 27
11 -140.995453 27
12 -140.220108 27
13 -139.752777 27
14 -139.688690 27
15 -139.349167 27
Frame # 42
0 -130.035324 27
1 -130.938690 27
2 -138.508057 27
3 -141.176468 27
4 -142.232773 27
5 -143.173706 27
6 -143.440262 27
7 -143.417587 27
8 -143.198914 27
9 -143.234558 27
10 -142.762131 27
11 -142.355988 27
12 -141.878922 27
13 -141.233261 27
14 -140.869995 27
15 -139.998581 27
Frame # 43
0 -128.341400 27
1 -133.254013 27
2 -139.925018 27
3 -142.582962 27
4 -143.562866 27
5 -144.410995 27
6 -144.494324 27
7 -144.386047 27
8 -144.266846 27
9 -144.215317 27
10 -143.786530 27
11 -143.488785 27
12 -143.147110 27
13 -142.528992 27
14 -142.149734 27
15 -141.297165 27
Frame # 44
0 -129.000595 27
1 -134.272629 27
2 -140.774200 27
3 -143.549927 27
4 -144.183563 27
5 -145.029312 27
6 -145.109528 27
7 -144.826233 27
8 -144.557755 27
9 -144.411835 27
10 -143.972778 27
11 -143.637939 27
12 -143.537766 27
13 -143.269730 27
14 -143.035355 27
15 -142.132431 27
Frame # 45
0 -129.470505 27
1 -133.994827 27
2 -139.925018 27
3 -142.897858 27
4 -143.562866 27
5 -144.322281 27
6 -144.318634 27
7 -143.858109 27
8 -143.878510 27
9 -143.234268 27
10 -142.762482 27
11 -142.411072 27
12 -142.366486 27
13 -142.066574 27
14 -141.952835 27
15 -141.389938 27
Frame # 46
0 -137.468613 27
1 -129.920090 27
2 -135.142776 27
3 -138.539291 27
4 -140.193253 27
5 -141.671249 27
6 -142.122665 27
7 -142.097000 27
8 -142.131012 27
9 -141.468353 27
10 -140.899628 27
11 -140.279175 27
12 -139.634293 27
13 -139.104935 27
14 -138.802704 27
15 -138.421127 27
Frame # 47
0 -139.162582 27
1 -128.160904 27
2 -137.409775 27
3 -140.912735 27
4 -142.232773 27
5 -143.350113 27
6 -143.528427 27
7 -143.417587 27
8 -143.489822 27
9 -142.842133 27
10 -142.296860 27
11 -142.033569 27
12 -141.781021 27
13 -141.418716 27
14 -141.361847 27
15 -140.833572 27
Frame # 48
0 -135.116013 27
1 -131.309372 27
2 -140.013580 27
3 -142.934570 27
4 -143.954865 27
5 -144.852554 27
6 -145.021347 27
7 -144.826569 27
8 -144.752258 27
9 -144.411530 27
10 -143.973114 27
11 -143.732315 27
12 -143.439835 27
13 -142.992081 27
14 -142.838821 27
15 -142.132141 27
Frame # 49
0 -135.492676 27
1 -131.123901 27
2 -138.330933 27
3 -141.403854 27
4 -142.498795 27
5 -143.350449 27
6 -143.264572 27
7 -143.153473 27
8 -143.004761 27
9 -143.038040 27
10 -142.575897 27
11 -142.167175 27
12 -141.976181 27
13 -141.696365 27
14 -141.165298 27
15 -140.740509 27
